Optical system
Surface	R	t	n	D	MD	φ
1	497.748100	22.000000	1.489143576	200.000000	200.000000	11.5899
2	-2875.775430	124.000000	1.000000000	200.000000	200.000000	1.9928
3	Infinity	17.000000	1.518722177	188.000000	188.000000	0.0000
4	1943.974650	27.400000	1.000000000	188.000000	188.000000	2.7716
5	-1000.106000	18.500000	1.550987019	186.000000	188.000000	5.3932
6	544.380500	293.900000	1.000000000	188.000000	188.000000	9.9433
7	2782.647410	24.000000	1.518722177	259.000000	261.000000	2.6880
8	-1144.592300	0	1.000000000	261.000000	261.000000	6.5468


Lens 1
Surface	R	t	n	D	MD	φ
1	497.748100	22.000000	1.489143576	200.000000	200.000000	11.5899
2	-2875.775430	0	1.000000000	200.000000	200.000000	1.9928

Lens 2
Surface	R	t	n	D	MD	φ
1	Infinity	17.000000	1.518722177	188.000000	188.000000	0.0000
2	1943.974650	0	1.000000000	188.000000	188.000000	2.7716

Lens 3
Surface	R	t	n	D	MD	φ
1	-1000.106000	18.500000	1.550987019	186.000000	188.000000	5.3932
2	544.380500	0	1.000000000	188.000000	188.000000	9.9433

Lens 4
Surface	R	t	n	D	MD	φ
1	2782.647410	24.000000	1.518722177	259.000000	261.000000	2.6880
2	-1144.592300	0	1.000000000	261.000000	261.000000	6.5468

