Optical system reversed
Surface	R	t	n	D	MD	φ
1	1144.592300	24.000000	1.518722177	261.000000	261.000000	6.5468
2	-2782.647410	293.900000	1.000000000	259.000000	261.000000	2.6880
3	-544.380500	18.500000	1.550987019	188.000000	188.000000	9.9433
4	1000.106000	27.400000	1.000000000	186.000000	188.000000	5.3932
5	-1943.974650	17.000000	1.518722177	188.000000	188.000000	2.7716
6	-Infinity	124.000000	1.000000000	188.000000	188.000000	0.0000
7	2875.775430	22.000000	1.489143576	200.000000	200.000000	1.9928
8	-497.748100	0	1.000000000	200.000000	200.000000	11.5899


Lens 1 reversed
Surface	R	t	n	D	MD	φ
1	2875.775430	22.000000	1.489143576	200.000000	200.000000	1.9928
2	-497.748100	0	1.000000000	200.000000	200.000000	11.5899

Lens 2 reversed
Surface	R	t	n	D	MD	φ
1	-1943.974650	17.000000	1.518722177	188.000000	188.000000	2.7716
2	-Infinity	0	1.000000000	188.000000	188.000000	0.0000

Lens 3 reversed
Surface	R	t	n	D	MD	φ
1	-544.380500	18.500000	1.550987019	188.000000	188.000000	9.9433
2	1000.106000	0	1.000000000	186.000000	188.000000	5.3932

Lens 4 reversed
Surface	R	t	n	D	MD	φ
1	1144.592300	24.000000	1.518722177	261.000000	261.000000	6.5468
2	-2782.647410	0	1.000000000	259.000000	261.000000	2.6880

